-1.0 0.0
-0.985714285714 0.00122549019608
-0.971428571429 0.000919117647059
-0.957142857143 0.00107230392157
-0.942857142857 0.000919117647059
-0.928571428571 0.00137867647059
-0.914285714286 0.000919117647059
-0.9 0.000612745098039
-0.885714285714 0.00107230392157
-0.871428571429 0.000919117647059
-0.857142857143 0.00137867647059
-0.842857142857 0.00107230392157
-0.828571428571 0.00015318627451
-0.814285714286 0.00199142156863
-0.8 0.00107230392157
-0.785714285714 0.000765931372549
-0.771428571429 0.00122549019608
-0.757142857143 0.0015318627451
-0.742857142857 0.000459558823529
-0.728571428571 0.00107230392157
-0.714285714286 0.000919117647059
-0.7 0.00168504901961
-0.685714285714 0.00199142156863
-0.671428571429 0.00107230392157
-0.657142857143 0.0015318627451
-0.642857142857 0.000919117647059
-0.628571428571 0.00137867647059
-0.614285714286 0.00214460784314
-0.6 0.00122549019608
-0.585714285714 0.00245098039216
-0.571428571429 0.00229779411765
-0.557142857143 0.00291053921569
-0.542857142857 0.00183823529412
-0.528571428571 0.00199142156863
-0.514285714286 0.00291053921569
-0.5 0.00275735294118
-0.485714285714 0.00321691176471
-0.471428571429 0.0030637254902
-0.457142857143 0.00321691176471
-0.442857142857 0.00413602941176
-0.428571428571 0.00398284313725
-0.414285714286 0.00520833333333
-0.4 0.0047487745098
-0.385714285714 0.00337009803922
-0.371428571429 0.00321691176471
-0.357142857143 0.00367647058824
-0.342857142857 0.00520833333333
-0.328571428571 0.00566789215686
-0.314285714286 0.00643382352941
-0.3 0.00689338235294
-0.285714285714 0.00643382352941
-0.271428571429 0.00750612745098
-0.257142857143 0.00750612745098
-0.242857142857 0.00704656862745
-0.228571428571 0.00796568627451
-0.214285714286 0.00888480392157
-0.2 0.00919117647059
-0.185714285714 0.0104166666667
-0.171428571429 0.00919117647059
-0.157142857143 0.0078125
-0.142857142857 0.00919117647059
-0.128571428571 0.00980392156863
-0.114285714286 0.0108762254902
-0.1 0.0125612745098
-0.0857142857143 0.0110294117647
-0.0714285714286 0.0143995098039
-0.0571428571429 0.0108762254902
-0.0428571428571 0.0125612745098
-0.0285714285714 0.0157781862745
-0.0142857142857 0.0140931372549
0.0 0.0271139705882
0.0142857142857 0.0121017156863
0.0285714285714 0.0137867647059
0.0428571428571 0.0163909313725
0.0571428571429 0.0157781862745
0.0714285714286 0.0143995098039
0.0857142857143 0.0185355392157
0.1 0.0171568627451
0.114285714286 0.0171568627451
0.128571428571 0.0174632352941
0.142857142857 0.0139399509804
0.157142857143 0.0157781862745
0.171428571429 0.0137867647059
0.185714285714 0.0186887254902
0.2 0.0186887254902
0.214285714286 0.016237745098
0.228571428571 0.0197610294118
0.242857142857 0.0171568627451
0.257142857143 0.0171568627451
0.271428571429 0.0165441176471
0.285714285714 0.0136335784314
0.3 0.0117953431373
0.314285714286 0.0171568627451
0.328571428571 0.0154718137255
0.342857142857 0.0148590686275
0.357142857143 0.0145526960784
0.371428571429 0.0116421568627
0.385714285714 0.0160845588235
0.4 0.0131740196078
0.414285714286 0.0133272058824
0.428571428571 0.0122549019608
0.442857142857 0.0128676470588
0.457142857143 0.0122549019608
0.471428571429 0.00980392156863
0.485714285714 0.0107230392157
0.5 0.0101102941176
0.514285714286 0.0102634803922
0.528571428571 0.00842524509804
0.542857142857 0.00811887254902
0.557142857143 0.00903799019608
0.571428571429 0.00643382352941
0.585714285714 0.00719975490196
0.6 0.00551470588235
0.614285714286 0.00735294117647
0.628571428571 0.0062806372549
0.642857142857 0.00520833333333
0.657142857143 0.00658700980392
0.671428571429 0.00428921568627
0.685714285714 0.00398284313725
0.7 0.00337009803922
0.714285714286 0.00444240196078
0.728571428571 0.00536151960784
0.742857142857 0.00490196078431
0.757142857143 0.00275735294118
0.771428571429 0.00199142156863
0.785714285714 0.00413602941176
0.8 0.00321691176471
0.814285714286 0.00214460784314
0.828571428571 0.00199142156863
0.842857142857 0.00260416666667
0.857142857143 0.0015318627451
0.871428571429 0.0015318627451
0.885714285714 0.00229779411765
0.9 0.00183823529412
0.914285714286 0.00122549019608
0.928571428571 0.000919117647059
0.942857142857 0.00122549019608
0.957142857143 0.000765931372549
0.971428571429 0.000612745098039
0.985714285714 0.00015318627451
1.0 0.0
