-1.0 0.0
-0.985714285714 0.000154702970297
-0.971428571429 0.0
-0.957142857143 0.000618811881188
-0.942857142857 0.000773514851485
-0.928571428571 0.000154702970297
-0.914285714286 0.00108292079208
-0.9 0.000928217821782
-0.885714285714 0.00123762376238
-0.871428571429 0.00123762376238
-0.857142857143 0.000773514851485
-0.842857142857 0.00123762376238
-0.828571428571 0.00170173267327
-0.814285714286 0.000928217821782
-0.8 0.00170173267327
-0.785714285714 0.000773514851485
-0.771428571429 0.00201113861386
-0.757142857143 0.00278465346535
-0.742857142857 0.00262995049505
-0.728571428571 0.00216584158416
-0.714285714286 0.00247524752475
-0.7 0.00262995049505
-0.685714285714 0.00232054455446
-0.671428571429 0.00417698019802
-0.657142857143 0.00355816831683
-0.642857142857 0.00386757425743
-0.628571428571 0.00340346534653
-0.614285714286 0.00371287128713
-0.6 0.00464108910891
-0.585714285714 0.00386757425743
-0.571428571429 0.0051051980198
-0.557142857143 0.00433168316832
-0.542857142857 0.00433168316832
-0.528571428571 0.00634282178218
-0.514285714286 0.00711633663366
-0.5 0.00603341584158
-0.485714285714 0.00711633663366
-0.471428571429 0.00711633663366
-0.457142857143 0.00603341584158
-0.442857142857 0.00711633663366
-0.428571428571 0.00804455445545
-0.414285714286 0.00943688118812
-0.4 0.00773514851485
-0.385714285714 0.0105198019802
-0.371428571429 0.00881806930693
-0.357142857143 0.00835396039604
-0.342857142857 0.0100556930693
-0.328571428571 0.011448019802
-0.314285714286 0.0128403465347
-0.3 0.012995049505
-0.285714285714 0.0131497524752
-0.271428571429 0.0131497524752
-0.257142857143 0.0145420792079
-0.242857142857 0.0137685643564
-0.228571428571 0.0123762376238
-0.214285714286 0.0117574257426
-0.2 0.0137685643564
-0.185714285714 0.0145420792079
-0.171428571429 0.0143873762376
-0.157142857143 0.0153155940594
-0.142857142857 0.0173267326733
-0.128571428571 0.0168626237624
-0.114285714286 0.0131497524752
-0.1 0.015625
-0.0857142857143 0.0153155940594
-0.0714285714286 0.015625
-0.0571428571429 0.0157797029703
-0.0428571428571 0.015625
-0.0285714285714 0.0150061881188
-0.0142857142857 0.0150061881188
0.0 0.0317141089109
0.0142857142857 0.0163985148515
0.0285714285714 0.014077970297
0.0428571428571 0.0123762376238
0.0571428571429 0.0179455445545
0.0714285714286 0.0160891089109
0.0857142857143 0.0122215346535
0.1 0.0168626237624
0.114285714286 0.0137685643564
0.128571428571 0.0122215346535
0.142857142857 0.0137685643564
0.157142857143 0.0137685643564
0.171428571429 0.0128403465347
0.185714285714 0.0117574257426
0.2 0.0105198019802
0.214285714286 0.0108292079208
0.228571428571 0.0142326732673
0.242857142857 0.0106745049505
0.257142857143 0.00959158415842
0.271428571429 0.0111386138614
0.285714285714 0.0111386138614
0.3 0.00974628712871
0.314285714286 0.00974628712871
0.328571428571 0.0108292079208
0.342857142857 0.00649752475248
0.357142857143 0.00711633663366
0.371428571429 0.00881806930693
0.385714285714 0.00850866336634
0.4 0.00866336633663
0.414285714286 0.00835396039604
0.428571428571 0.00665222772277
0.442857142857 0.00665222772277
0.457142857143 0.00603341584158
0.471428571429 0.00603341584158
0.485714285714 0.00634282178218
0.5 0.0054146039604
0.514285714286 0.0049504950495
0.528571428571 0.00433168316832
0.542857142857 0.00448638613861
0.557142857143 0.0049504950495
0.571428571429 0.00464108910891
0.585714285714 0.00262995049505
0.6 0.00371287128713
0.614285714286 0.00386757425743
0.628571428571 0.00247524752475
0.642857142857 0.00309405940594
0.657142857143 0.00247524752475
0.671428571429 0.00262995049505
0.685714285714 0.00293935643564
0.7 0.00185643564356
0.714285714286 0.00247524752475
0.728571428571 0.00139232673267
0.742857142857 0.00247524752475
0.757142857143 0.00185643564356
0.771428571429 0.00278465346535
0.785714285714 0.00139232673267
0.8 0.00201113861386
0.814285714286 0.000773514851485
0.828571428571 0.00232054455446
0.842857142857 0.00139232673267
0.857142857143 0.00154702970297
0.871428571429 0.00170173267327
0.885714285714 0.000928217821782
0.9 0.00201113861386
0.914285714286 0.000773514851485
0.928571428571 0.000773514851485
0.942857142857 0.000309405940594
0.957142857143 0.00108292079208
0.971428571429 0.00170173267327
0.985714285714 0.00139232673267
1.0 0.0
